c 11.774267 -7.298874 12.079219 236.007294 -16.545517
s -0.291275 0.620542 7.243417 0.200000 1
s -0.291275 -0.620542 7.243417 0.200000 1
s -0.291275 -0.000000 8.296879 0.200000 1
s 0.000003 1.811898 10.636620 0.200000 1
s 0.000005 -1.811898 10.636620 0.200000 1
s 0.189960 0.895864 4.533290 0.200000 1 0.189960 0.895864 4.533290 1.406194 2.178820 5.712880
s 0.189960 0.395864 4.533290 0.200000 1 0.189960 0.395864 4.533290 1.516335 1.747286 5.485620
s 0.189960 -0.395868 4.533293 0.200000 1 0.189960 -0.395868 4.533293 1.516333 -1.747288 5.485624
s 0.189960 -0.895868 4.533293 0.200000 1 0.189960 -0.895868 4.533293 1.406192 -2.178822 5.712884
s 0.225832 0.000000 11.398804 0.200000 1
s -0.033212 -1.945959 8.750168 0.200000 1 -0.033212 -1.945959 8.750168 1.537120 -2.871224 10.331856
s -0.533212 -1.945959 8.750168 0.200000 1 -0.533212 -1.945959 8.750168 1.450295 -2.871224 9.839452
s -0.189355 -2.041718 7.196362 0.200000 1 -0.189355 -2.041718 7.196362 2.788046 -3.731057 9.952732
s -0.533212 1.945958 8.750168 0.200000 1 -0.533212 1.945958 8.750168 1.450294 2.871223 9.839454
s -0.033212 1.945958 8.750168 0.200000 1 -0.033212 1.945958 8.750168 1.537119 2.871223 10.331858
s -0.031882 2.062179 6.397573 0.200000 1 -0.031882 2.062179 6.397573 3.486577 4.148170 9.989466
s -0.012669 -0.645867 1.083866 0.200000 1 -0.012669 -0.645867 1.083866 3.016266 -3.702255 3.050382
s -0.012669 0.645858 1.083862 0.200000 1 -0.012669 0.645858 1.083862 3.016270 3.702249 3.050375
s 1.201858 0.895857 1.000000 0.200000 1 1.201858 0.895857 1.000000 4.020348 3.873111 3.762584
s 1.201858 0.395857 1.000000 0.200000 1 1.201858 0.395857 1.000000 4.130488 3.441577 3.535324
s 1.201859 -0.395866 1.000004 0.200000 1 1.201859 -0.395866 1.000004 4.130485 -3.441583 3.535331
s 1.201859 -0.895866 1.000004 0.200000 1 1.201859 -0.895866 1.000004 4.020344 -3.873117 3.762591
s 0.412267 0.216509 12.340504 0.200000 1
s 0.412267 -0.283491 12.340504 0.200000 1
s -1.712982 -1.187415 9.359871 0.200000 1 -1.512986 -1.187413 9.159883 -1.712986 -1.187413 9.359884
s -1.502193 1.247413 11.259309 0.200000 1 -1.702171 1.247401 10.959334 -1.502172 1.247401 11.259336
s -1.680460 -1.226596 11.852203 0.200000 1 -1.680444 -1.226603 12.352222 -1.680444 -1.226604 11.852222
t 5 0 6
t 7 1 8
t 16 7 8
t 20 16 21
t 18 17 19
t 17 5 6
t 0 2 1
t 15 13 14
t 13 3 14
t 2 3 4
t 12 10 11
t 10 4 11
t 3 9 4
t 9 22 23
t 4 26 24
t 2 25 3
d 18 17 1.242823
d 17 19 1.242823
d 19 18 0.500000
d 20 16 1.242824
d 16 21 1.242823
d 21 20 0.500000
d 17 5 3.464407
d 5 6 0.500000
d 6 17 3.464406
d 16 7 3.464405
d 7 8 0.500000
d 8 16 3.464405
d 5 0 2.766257
d 0 6 2.761676
d 7 1 2.761673
d 1 8 2.766254
d 0 2 1.222643
d 2 1 1.222643
d 1 0 1.241084
d 2 3 2.973584
d 3 4 3.623796
d 4 2 2.973584
d 3 9 1.978610
d 9 4 1.978610
d 13 3 1.964941
d 3 14 1.891501
d 14 13 0.500000
d 11 10 0.500000
d 10 4 1.891502
d 4 11 1.964941
d 12 10 1.564565
d 12 11 1.594278
d 15 13 2.408223
d 15 14 2.355464
d 9 22 0.984090
d 22 23 0.500000
d 23 9 1.000962
r 12 9 0.017453 -0.243710 0.967622 0.065672 -0.961149 -0.231920 -0.149686 -0.129609 -0.099600 0.986550
r 3 2 0.174533 -0.004488 0.201357 -0.979508 -0.072746 0.976857 0.201145 0.997340 0.072158 0.010264
r 4 5 0.174533 -0.004488 0.201355 -0.979508 -0.072748 0.976857 0.201144 0.997340 0.072160 0.010264
r 13 12 0.174533 0.189134 -0.978700 0.079836 0.981401 0.191125 0.018005 -0.032880 0.074945 0.996646
r 6 9 0.349066 0.368703 0.923432 -0.106444 -0.924371 0.376306 0.062700 0.097955 0.075276 0.992340
r 10 11 1.221730 0.333215 -0.093962 0.938157 0.015772 0.995438 0.094098 -0.942719 -0.016558 0.333177
r 7 8 1.221730 0.246316 -0.285737 0.926111 0.329868 0.923220 0.197111 -0.911326 0.256943 0.321660
r 2 1 1.047198 0.359579 -0.101753 0.927550 0.107583 0.991929 0.067109 -0.926892 0.075657 0.367623
r 5 0 1.047198 0.357662 -0.108300 0.927550 0.125667 0.989800 0.067111 -0.925357 0.092559 0.367624
r 9 8 1.570796 -0.081580 0.845772 0.527271 0.617220 0.458253 -0.639565 -0.782550 0.273266 -0.559412
r 9 11 1.570796 0.388429 -0.785198 -0.482274 -0.407816 -0.615806 0.674143 -0.826322 -0.065178 -0.559413
r 0 6 0.872665 0.762635 0.204552 -0.613634 -0.029634 0.958733 0.282760 0.646150 -0.197458 0.737225
r 1 6 0.872665 0.341348 -0.674587 -0.654534 0.804566 0.569725 -0.167588 0.485957 -0.469410 0.737224
r 7 9 1.745329 -0.454934 0.319123 -0.831381 0.712808 0.690102 -0.125157 0.533797 -0.649554 -0.541425
r 10 9 1.745329 0.447216 -0.349425 -0.823347 -0.751016 -0.646649 -0.133493 -0.485771 0.678047 -0.551616
d 26 4 2.155034
d 24 4 2.225842
d 25 3 1.721325
d 25 2 3.434884
d 26 24 2.492853
r 9 15 0.017453 0.865370 0.501133 -0.000000 0.207002 -0.357457 -0.910700 -0.456382 0.788092 -0.413068
r 9 14 0.017453 0.532940 -0.581126 -0.615035 0.067017 -0.695587 0.715309 -0.843495 -0.422435 -0.331760
m 1.000000 stromar.md5mesh
j 0 6 1 2 0 0.000000 -0.507542 0.861627 -6.543688 -0.000000 -0.861627 -0.507542 3.854561 1.000000 0.000000 -0.000000 0.291275
j 2 9 2 -1 -1 0.097955 0.609331 0.786842 -6.499800 0.075276 -0.792916 0.604664 -4.994895 0.992340 0.000000 -0.123538 1.314027
j 4 9 4 3 2 0.097955 0.609331 0.786842 -7.746158 0.075276 -0.792916 0.604664 -5.952683 0.992340 0.000000 -0.123538 1.314027
j 5 13 22 23 9 0.189449 0.220009 0.956925 -11.569973 0.042728 -0.975498 0.215820 -2.632328 0.980960 0.000000 -0.194208 1.992203
j 6 15 25 -1 -1 -0.352536 0.363161 0.862457 -10.693258 0.804236 0.588790 0.080812 -0.436233 -0.478458 0.722108 -0.499637 4.006068
j 7 11 4 -1 -1 0.017561 0.070876 0.997331 -10.479807 -0.999846 0.001245 0.017517 -0.184058 0.000000 -0.997484 0.070887 -2.561334
j 8 10 10 11 -1 0.099800 0.061205 0.993123 -8.542630 -0.995008 0.006139 0.099611 -1.141461 -0.000000 -0.998106 0.061512 -2.480514
j 13 10 12 -1 -1 0.099800 0.061205 0.993123 -7.003015 -0.995008 0.006139 0.099611 -0.892709 -0.000000 -0.998106 0.061512 -2.480514
j 26 8 3 -1 -1 0.271365 -0.068226 0.960055 -10.088126 0.962477 0.019236 -0.270682 2.844285 -0.000000 0.997484 0.070886 -2.561327
j 27 7 13 14 -1 -0.208174 -0.048260 0.976901 -8.513089 0.978092 -0.010272 0.207921 -1.522345 -0.000000 0.998782 0.049341 -2.375330
j 28 7 15 -1 -1 -0.208174 -0.048260 0.976901 -6.156909 0.978092 -0.010272 0.207921 -1.277822 -0.000000 0.998782 0.049341 -2.375330
j 29 14 24 26 -1 -0.779785 0.271597 0.564066 -6.977766 -0.528484 0.197443 -0.825664 8.098645 -0.335619 -0.941940 -0.010428 -1.595774
j 31 1 1 -1 -1 -0.174255 -0.081354 0.981334 -7.209452 0.014224 -0.996685 -0.080101 -0.034135 0.984598 0.000000 0.174834 -0.979610
j 32 2 7 8 -1 0.058489 0.072162 0.995677 -4.478197 0.004232 -0.997393 0.072038 -0.971557 0.998279 -0.000000 -0.058642 0.076207
j 33 3 16 -1 -1 -0.977233 -0.201156 0.067477 -0.215436 0.200678 -0.979559 -0.013857 -0.615104 0.068885 -0.000000 0.997625 -1.080419
j 34 3 16 20 21 -0.977233 -0.201156 0.067477 0.579587 0.200678 -0.979559 -0.013857 -0.778364 0.068885 0.000000 0.997625 -1.080419
j 36 0 0 -1 -1 -0.173966 -0.099529 0.979709 -7.085351 0.017401 -0.995035 -0.097996 1.332353 0.984598 0.000000 0.174834 -0.979609
j 37 5 5 6 -1 0.058489 0.072164 0.995676 -4.571408 0.004232 -0.997393 0.072040 0.316798 0.998279 0.000000 -0.058642 0.076207
j 38 4 17 -1 -1 -0.977233 -0.201154 0.067477 0.044401 0.200676 -0.979560 -0.013857 0.650217 0.068885 -0.000000 0.997625 -1.080415
j 39 4 17 18 19 -0.977233 -0.201154 0.067477 0.839423 0.200676 -0.979560 -0.013857 0.486957 0.068885 0.000000 0.997625 -1.080415
